1 DEATH_STAR ALDERAAN 25 9
11 10
111 1 1
112 1 1
113 1 1
114 1 1
115 1 1
116 1 1
117 1 1
118 1 1
119 1 1
1110 1 1
12 5
121 1 3
122 0 3
123 0 3
124 0 3
125 1 3
13 6
131 0 1
132 0 1
133 1 1
134 1 1
135 0 1
136 1 1
14 5
141 1 2 3 5 11 12 13 14 15
142 1 2 3 4 16 27 28 29
143 1 2 4 4 17 18 19 20
144 1 2 4 1 21
145 1 2 5 1 22
15 6
151 0 3
152 1 3
153 0 3
154 1 3
155 1 3
156 0 3
16 3
161 1 2 1 1 1
162 1 2 1 2 2 3
163 1 2 1 2 4 5
17 4
171 1 3
172 0 3
173 1 3
174 0 3
18 5
181 1 1
182 0 1
183 1 1
184 0 1
185 1 1
19 8
191 1 2 5 2 23 24
192 1 2 5 2 25 26
193 1 2 2 3 6 7 8
194 1 2 2 2 9 10
195 1 2 3 3 30 31 32
196 1 3
197 1 1
198 1 2 4 2 33 34
2 DELTA TURUS_VI 25 3
11 2
111 1 2 2 1 36 
112 1 2 2 1 37
12 3
121 1 2 3 5 38 39 40 41 42
122 1 2 3 4 43 44 45 46
123 1 2 3 6 47 48 49 50 51 52
13 1
131 1 2 1 1 35
3 RESURGENT SCARIF 13 3
11 3
111 1 2 4 3 58 59 60
112 1 2 2 3 53 54 55
113 1 2 5 2 56 57
12 2
121 1 1
122 1 1
13 4
131 0 3
132 1 3
133 1 3
134 0 3